636
875
602
26
633
196
894
108
637
110
73
874
544
132
558
309
88
757
476
445
884
107
328
404
582
948
394
620
146
737
228
553
627
556
92
912
456
624
263
384
429
965
691
124
298
135
652
659
264
320
166
160
603
783
211
585
820
260
287
653
322
324
621
662
609
949
59
77
657
765
407
806
816
579
498
472
96
899
215
409
183
727
474
840
695
917
311
496
485
911
952
7
316
595
276
327
818
176
76
690
436
374
226
69
125
712
488
414
247
424
280
154
443
119
451
82
932
399
463
299
315
793
494
814
800
787
458
838
711
85
540
41
943
454
864
415
913
412
168
113
341
306
402
56
764
79
795
252
5
439
649
388
32
334
484
826
769
213
761
522
9
363
746
43
405
16
11
482
892
859
773
104
136
495
854
21
50
403
923
512
538
951
379
376
97
514
511
664
408
510
853
857
224
798
871
65
883
926
642
574
590
959
938
461
751
500
475
589
575
767
942
74
118
200
268
286
560
481
742
591
267
231
385
647
689
885
258
433
94
448
863
834
565
155
699
470
931
888
548
161
665
608
444
486
274
336
457
908
676
789
115
152
708
225
756
346
606
91
703
914
39
164
957
121
18
701
386
872
597
293
517
873
706
254
181
705
147
60
434
779
639
696
114
843
182
58
593
302
813
953
294
296
946
905
803
909
530
950
477
945
719
241
281
880
413
80
487
541
667
758
195
387
734
790
84
559
656
739
635
588
24
126
919
122
658
212
869
785
583
206
83
480
824
858
596
827
550
367
75
37
55
535
317
381
940
670
775
417
406
291
144
36
220
771
204
235
335
233
763
282
383
27
243
955
483
493
203
40
271
730
528
808
101
780
683
289
868
375
856
398
141
714
672
380
865
509
513
963
576
617
850
116
323
460
964
313
728
815
133
105
308
654
396
702
847
876
525
191
586
704
391
221
471
578
849
490
52
628
611
167
150
852
870
227
46
193
866
186
755
678
833
301
732
426
821
423
519
251
245
348
330
365
99
534
130
937
506
95
305
300
851
151
567
571
777
343
830
35
569
459
194
736
78
759
353
370
924
90
809
501
148
529
546
922
505
570
545
30
799
610
841
446
754
137
928
312
673
778
139
469
240
954
632
638
416
524
643
345
581
489
359
573
431
329
400
47
352
214
117
507
127
292
262
199
918
373
378
310
561
210
338
648
162
156
450
805
427
219
366
629
677
217
707
680
462
303
304
284
49
371
543
770
205
382
253
630
188
201
318
159
244
53
503
218
686
733
197
428
631
48
98
784
393
362
890
502
209
112
171
753
236
449
20
774
377
750
536
685
34
860
710
634
889
740
170
810
584
169
149
42
615
157
364
616
893
566
933
619
836
564
898
452
109
120
307
266
158
89
598
390
599
900
499
939
401
563
605
915
63
823
661
811
709
723
692
64
283
776
57
613
422
526
473
650
724
797
447
357
269
551
882
675
123
71
44
700
555
180
817
718
726
190
435
766
432
355
479
896
259
102
878
936
762
612
106
440
54
807
554
592
645
278
347
198
930
674
729
397
825
906
531
418
68
651
819
796
185
22
748
175
207
743
947
497
568
246
601
38
256
747
442
934
421
134
229
831
411
901
314
187
342
492
925
725
832
295
956
184
326
13
272
533
140
788
232
944
694
81
319
907
844
829
877
508
855
179
804
340
731
290
70
389
261
143
288
663
23
441
835
25
425
10
666
223
504
671
358
45
177
467
111
255
687
138
741
684
772
172
668
67
521
372
520
