871
65
883
926
642
574
590
959
938
461
751
500
475
589
575
767
942
74
118
200
268
286
560
481
742
591
267
231
385
647
689
885
258
433
94
448
863
834
565
155
699
470
931
888
548
161
665
608
444
486
274
336
457
908
676
789
115
152
708
225
756
346
606
91
703
914
39
164
957
121
18
701
386
872
597
293
517
873
706
254
181
705
147
60
434
779
639
696
114
843
182
58
593
302
813
953
294
296
946
905
803
909
530
950
477
945
719
241
281
880
413
80
487
541
667
758
195
387
734
790
84
559
656
739
635
588
24
126
919
122
658
212
869
785
583
206
83
480
824
858
596
827
550
367
75
37
55
535
317
381
940
670
775
417
406
291
144
36
220
771
204
235
335
233
763
282
383
27
243
955
483
493
203
40
271
730
528
808
101
780
683
289
868
375
856
398
141
714
672
380
865
509
513
216
607
142
848
547
749
828
614
354
722
552
791
879
93
698
626
768
886
929
131
587
491
618
640
837
145
368
897
539
966
744
655
273
688
549
660
453
600
277
275
572
604
542
903
72
623
916
822
12
333
395
557
562
516
174
351
577
715
189
325
455
644
165
173
845
594
237
745
518
679
86
51
285
153
720
437
812
465
249
410
321
782
846
66
270
279
646
625
15
3
781
941
4
129
250
202
464
1
920
752
881
29
669
17
802
786
222
904
537
192
392
794
910
792
344
339
641
891
2
31
960
420
28
697
921
6
895
103
87
961
128
839
622
958
14
801
523
532
239
369
265
693
580
350
721
962
935
331
842
297
478
100
248
887
735
682
430
927
867
234
360
238
419
713
178
230
257
466
760
738
356
438
902
862
468
19
242
163
62
361
208
515
337
332
349
681
716
717
61
527
33
861
8
963
576
617
850
116
323
460
964
313
728
815
133
105
308
654
396
702
847
876
525
191
586
704
391
221
471
578
849
490
52
628
611
167
150
852
870
227
46
193
866
186
755
678
833
301
732
426
821
423
519
251
245
348
330
365
99
534
130
937
506
95
305
300
851
151
567
571
777
343
830
35
569
459
194
736
78
759
353
370
924
90
809
501
148
529
546
922
505
570
545
30
799
610
841
446
754
137
928
312
673
778
139
469
240
954
632
638
416
524
643
345
581
489
359
573
431
329
400
47
352
214
117
507
127
292
262
199
918
373
378
310
561
210
338
648
162
156
450
805
427
219
366
629
677
217
707
680
462
303
304
284
49
371
543
770
205
382
253
630
188
201
318
159
244
53
503
218
686
733
197
428
631
48
98
784
393
362
890
502
209
112
171
753
236
449
20
774
377
750
536
685
34
860
710
634
889
740
170
810
584
169
149
42
615
157
364
616
893
566
933
619
836
564
898
452
109
120
307
266
158
89
598
390
599
900
499
939
401
563
605
915
63
823
661
811
709
723
692
64
283
776
57
613
422
526
473
650
724
797
447
357
269
551
882
675
123
71
44
700
555
180
817
718
726
190
435
766
432
355
479
896
259
102
878
936
762
612
106
440
54
807
554
592
645
278
347
198
930
674
729
397
825
906
531
418
68
651
819
796
185
22
748
175
207
743
947
497
568
246
601
38
256
747
442
934
421
134
229
831
411
901
314
187
342
492
925
725
832
295
956
184
326
13
272
533
140
788
232
944
694
81
319
907
844
829
877
508
855
179
804
340
731
290
70
389
261
143
288
663
23
441
835
25
425
10
666
223
504
671
358
45
177
467
111
255
687
138
741
684
772
172
668
67
521
372
520
