189
148
99
97
169
224
157
136
65
36
32
204
117
128
68
73
66
264
80
132
242
164
166
158
186
1
13
191
221
182
227
149
39
279
225
205
267
229
41
244
131
134
181
255
173
192
233
5
208
212
154
23
29
79
216
44
193
78
163
98
75
185
211
100
180
237
113
215
195
27
37
235
278
228
96
245
25
84
107
199
252
92
187
259
133
119
151
22
103
9
207
54
109
74
159
254
184
198
55
93
268
17
139
49
143
210
28
263
89
231
77
6
69
34
265
175
108
282
218
222
104
91
126
251
206
250
272
203
174
266
47
249
269
129
213
4
35
214
153
209
48
52
88
64
26
21
58
59
276
273
256
8
274
15
10
196
16
71
142
176
275
114
194
234
170
202
81
178
270
280
111
165
183
188
105
140
124
86
87
33
179
125
127
172
162
50
155
150
94
31
20
240
135
277
38
3
61
138
14
201
258
24
236
220
271
122
230
200
95
197
232
118
12
51
116
60
253
115
145
70
40
2
123
171
112
82
